0.000000000000000000e+00 -1.000000000000000000e+02
5.804988662131519393e-03 1.017479692102686357e+02
1.160997732426303879e-02 -1.000000000000000000e+02
1.741496598639455731e-02 1.035264923841377538e+02
2.321995464852607757e-02 1.014545334937523791e+02
2.902494331065759783e-02 1.041262152534806518e+02
3.482993197278911462e-02 1.017479692102686357e+02
4.063492063492063489e-02 -1.000000000000000000e+02
4.643990929705215515e-02 1.005792941067853405e+02
5.224489795918367541e-02 1.056407659301192012e+02
5.804988662131519567e-02 1.035264923841377538e+02
6.385487528344671593e-02 1.020422536273482166e+02
6.965986394557822925e-02 1.017479692102686357e+02
7.546485260770975645e-02 1.026333783890424058e+02
8.126984126984126977e-02 1.056407659301192012e+02
8.707482993197278309e-02 1.011619440301922452e+02
9.287981859410431029e-02 1.044273782427413693e+02
9.868480725623582361e-02 1.002892287869367181e+02
1.044897959183673508e-01 1.008701983790399055e+02
1.102947845804988641e-01 1.056407659301192012e+02
1.160997732426303913e-01 1.029302236643492137e+02
1.219047619047619047e-01 1.056407659301192012e+02
1.277097505668934319e-01 1.050323198907720155e+02
1.335147392290249313e-01 1.005792941067853405e+02
1.393197278911564585e-01 1.017479692102686357e+02
1.451247165532879857e-01 -1.000000000000000000e+02
1.509297052154195129e-01 1.005792941067853405e+02
1.567346938775510123e-01 1.011619440301922452e+02
1.625396825396825395e-01 1.020422536273482166e+02
1.683446712018140667e-01 1.014545334937523791e+02
1.741496598639455662e-01 1.005792941067853405e+02
1.799546485260770934e-01 1.032279275016448423e+02
1.857596371882086206e-01 1.008701983790399055e+02
1.915646258503401478e-01 1.005792941067853405e+02
1.973696145124716472e-01 -1.000000000000000000e+02
2.031746031746031744e-01 1.002892287869367181e+02
2.089795918367347016e-01 1.056407659301192012e+02
2.147845804988662011e-01 1.017479692102686357e+02
2.205895691609977283e-01 1.005792941067853405e+02
2.263945578231292555e-01 1.008701983790399055e+02
2.321995464852607827e-01 1.002892287869367181e+02
2.380045351473922821e-01 1.008701983790399055e+02
2.438095238095238093e-01 1.011619440301922452e+02
2.496145124716553365e-01 1.059463094359295354e+02
2.554195011337868637e-01 1.038259208022185049e+02
2.612244897959183909e-01 1.011619440301922452e+02
2.670294784580498626e-01 1.020422536273482166e+02
2.728344671201813898e-01 1.035264923841377538e+02
2.786394557823129170e-01 1.002892287869367181e+02
2.844444444444444442e-01 -1.000000000000000000e+02
2.902494331065759714e-01 1.017479692102686357e+02
2.960544217687074986e-01 1.020422536273482166e+02
3.018594104308390258e-01 1.032279275016448423e+02
3.076643990929704975e-01 1.014545334937523791e+02
3.134693877551020247e-01 1.035264923841377538e+02
3.192743764172335519e-01 1.002892287869367181e+02
3.250793650793650791e-01 1.002892287869367181e+02
3.308843537414966063e-01 1.026333783890424058e+02
3.366893424036281335e-01 1.005792941067853405e+02
3.424943310657596607e-01 -1.000000000000000000e+02
3.482993197278911324e-01 1.002892287869367181e+02
3.541043083900226596e-01 1.038259208022185049e+02
3.599092970521541868e-01 1.023373891996775029e+02
3.657142857142857140e-01 1.011619440301922452e+02
3.715192743764172412e-01 -1.000000000000000000e+02
3.773242630385487684e-01 1.032279275016448423e+02
3.831292517006802956e-01 1.005792941067853405e+02
3.889342403628117673e-01 -1.000000000000000000e+02
3.947392290249432945e-01 1.011619440301922452e+02
4.005442176870748217e-01 1.005792941067853405e+02
4.063492063492063489e-01 1.041262152534806518e+02
4.121541950113378761e-01 1.005792941067853405e+02
4.179591836734694033e-01 -1.000000000000000000e+02
4.237641723356009305e-01 1.053361035954835785e+02
4.295691609977324021e-01 1.071773462536293096e+02
4.353741496598639293e-01 1.026333783890424058e+02
4.411791383219954565e-01 1.014545334937523791e+02
4.469841269841269837e-01 1.002892287869367181e+02
4.527891156462585109e-01 1.053361035954835785e+02
4.585941043083900381e-01 1.032279275016448423e+02
4.643990929705215653e-01 1.090507732665257663e+02
4.702040816326530370e-01 1.038259208022185049e+02
4.760090702947845642e-01 1.053361035954835785e+02
4.818140589569160914e-01 1.023373891996775029e+02
4.876190476190476186e-01 1.026333783890424058e+02
4.934240362811791458e-01 1.029302236643492137e+02
4.992290249433106730e-01 -1.000000000000000000e+02
5.050340136054422002e-01 1.005792941067853405e+02
5.108390022675737274e-01 -1.000000000000000000e+02
5.166439909297052546e-01 1.014545334937523791e+02
5.224489795918367818e-01 1.008701983790399055e+02
5.282539682539683090e-01 -1.000000000000000000e+02
5.340589569160997252e-01 1.008701983790399055e+02
5.398639455782312524e-01 1.029302236643492137e+02
5.456689342403627796e-01 1.047294122820626683e+02
5.514739229024943068e-01 1.035264923841377538e+02
5.572789115646258340e-01 1.014545334937523791e+02
5.630839002267573612e-01 1.005792941067853405e+02
5.688888888888888884e-01 1.059463094359295354e+02
5.746938775510204156e-01 1.005792941067853405e+02
5.804988662131519428e-01 -1.000000000000000000e+02
5.863038548752834700e-01 -1.000000000000000000e+02
5.921088435374149972e-01 1.005792941067853405e+02
5.979138321995465244e-01 -1.000000000000000000e+02
6.037188208616780516e-01 1.002892287869367181e+02
6.095238095238095788e-01 -1.000000000000000000e+02
6.153287981859409950e-01 1.029302236643492137e+02
6.211337868480725222e-01 -1.000000000000000000e+02
6.269387755102040494e-01 1.002892287869367181e+02
6.327437641723355766e-01 -1.000000000000000000e+02
6.385487528344671038e-01 -1.000000000000000000e+02
6.443537414965986310e-01 1.017479692102686357e+02
6.501587301587301582e-01 1.071773462536293096e+02
6.559637188208616854e-01 1.038259208022185049e+02
6.617687074829932126e-01 1.002892287869367181e+02
6.675736961451247398e-01 1.053361035954835785e+02
6.733786848072562670e-01 1.014545334937523791e+02
6.791836734693877942e-01 1.050323198907720155e+02
6.849886621315193214e-01 1.011619440301922452e+02
6.907936507936508486e-01 1.029302236643492137e+02
6.965986394557822647e-01 1.032279275016448423e+02
7.024036281179137919e-01 1.014545334937523791e+02
7.082086167800453191e-01 1.002892287869367181e+02
7.140136054421768463e-01 1.020422536273482166e+02
7.198185941043083735e-01 1.014545334937523791e+02
7.256235827664399007e-01 1.062527366615152715e+02
7.314285714285714279e-01 1.008701983790399055e+02
7.372335600907029551e-01 1.017479692102686357e+02
7.430385487528344823e-01 1.002892287869367181e+02
7.488435374149660095e-01 1.014545334937523791e+02
7.546485260770975367e-01 1.014545334937523791e+02
7.604535147392290639e-01 1.023373891996775029e+02
7.662585034013605911e-01 1.041262152534806518e+02
7.720634920634921183e-01 1.002892287869367181e+02
7.778684807256235345e-01 1.014545334937523791e+02
7.836734693877550617e-01 1.002892287869367181e+02
7.894784580498865889e-01 1.017479692102686357e+02
7.952834467120181161e-01 1.026333783890424058e+02
8.010884353741496433e-01 1.002892287869367181e+02
8.068934240362811705e-01 1.002892287869367181e+02
8.126984126984126977e-01 1.008701983790399055e+02
8.185034013605442249e-01 1.044273782427413693e+02
8.243083900226757521e-01 1.023373891996775029e+02
8.301133786848072793e-01 1.002892287869367181e+02
8.359183673469388065e-01 1.020422536273482166e+02
8.417233560090703337e-01 1.002892287869367181e+02
8.475283446712018609e-01 1.038259208022185049e+02
8.533333333333333881e-01 1.053361035954835785e+02
8.591383219954648043e-01 1.026333783890424058e+02
8.649433106575963315e-01 1.023373891996775029e+02
8.707482993197278587e-01 -1.000000000000000000e+02
8.765532879818593859e-01 1.035264923841377538e+02
8.823582766439909131e-01 1.035264923841377538e+02
8.881632653061224403e-01 -1.000000000000000000e+02
8.939682539682539675e-01 1.020422536273482166e+02
8.997732426303854947e-01 1.047294122820626683e+02
9.055782312925170219e-01 1.002892287869367181e+02
9.113832199546485491e-01 1.029302236643492137e+02
9.171882086167800763e-01 1.071773462536293096e+02
9.229931972789116035e-01 1.017479692102686357e+02
9.287981859410431307e-01 -1.000000000000000000e+02
9.346031746031746579e-01 1.008701983790399055e+02
9.404081632653060741e-01 1.017479692102686357e+02
9.462131519274376013e-01 1.062527366615152715e+02
9.520181405895691285e-01 1.014545334937523791e+02
9.578231292517006557e-01 1.008701983790399055e+02
9.636281179138321829e-01 1.020422536273482166e+02
9.694331065759637100e-01 1.032279275016448423e+02
9.752380952380952372e-01 1.041262152534806518e+02
9.810430839002267644e-01 1.074873339920696509e+02
9.868480725623582916e-01 1.020422536273482166e+02
9.926530612244898188e-01 1.056407659301192012e+02
9.984580498866213460e-01 1.032279275016448423e+02
1.004263038548752762e+00 1.035264923841377538e+02
1.010068027210884400e+00 1.059463094359295354e+02
1.015873015873015817e+00 1.068682525032935899e+02
1.021678004535147455e+00 1.023373891996775029e+02
1.027482993197278871e+00 1.020422536273482166e+02
1.033287981859410509e+00 1.041262152534806518e+02
1.039092970521541925e+00 1.029302236643492137e+02
1.044897959183673564e+00 1.005792941067853405e+02
1.050702947845804980e+00 1.008701983790399055e+02
1.056507936507936618e+00 1.011619440301922452e+02
1.062312925170068034e+00 -1.000000000000000000e+02
1.068117913832199450e+00 1.047294122820626683e+02
1.073922902494331089e+00 1.011619440301922452e+02
1.079727891156462505e+00 1.023373891996775029e+02
1.085532879818594143e+00 1.005792941067853405e+02
1.091337868480725559e+00 1.002892287869367181e+02
1.097142857142857197e+00 -1.000000000000000000e+02
1.102947845804988614e+00 -1.000000000000000000e+02
1.108752834467120252e+00 1.017479692102686357e+02
1.114557823129251668e+00 1.041262152534806518e+02
1.120362811791383306e+00 1.011619440301922452e+02
1.126167800453514722e+00 1.014545334937523791e+02
1.131972789115646361e+00 1.017479692102686357e+02
1.137777777777777777e+00 1.026333783890424058e+02
1.143582766439909193e+00 1.005792941067853405e+02
1.149387755102040831e+00 1.008701983790399055e+02
1.155192743764172247e+00 1.023373891996775029e+02
1.160997732426303886e+00 1.029302236643492137e+02
1.166802721088435302e+00 1.032279275016448423e+02
1.172607709750566940e+00 1.068682525032935899e+02
1.178412698412698356e+00 1.029302236643492137e+02
1.184217687074829994e+00 1.029302236643492137e+02
1.190022675736961411e+00 1.005792941067853405e+02
1.195827664399093049e+00 1.026333783890424058e+02
1.201632653061224465e+00 1.035264923841377538e+02
1.207437641723356103e+00 1.017479692102686357e+02
1.213242630385487519e+00 1.011619440301922452e+02
1.219047619047619158e+00 -1.000000000000000000e+02
1.224852607709750574e+00 1.023373891996775029e+02
1.230657596371881990e+00 1.014545334937523791e+02
1.236462585034013628e+00 1.062527366615152715e+02
1.242267573696145044e+00 1.029302236643492137e+02
1.248072562358276683e+00 1.011619440301922452e+02
1.253877551020408099e+00 1.005792941067853405e+02
1.259682539682539737e+00 1.020422536273482166e+02
1.265487528344671153e+00 1.059463094359295354e+02
1.271292517006802791e+00 1.005792941067853405e+02
1.277097505668934208e+00 1.032279275016448423e+02
1.282902494331065846e+00 1.068682525032935899e+02
1.288707482993197262e+00 1.050323198907720155e+02
1.294512471655328900e+00 -1.000000000000000000e+02
1.300317460317460316e+00 1.014545334937523791e+02
1.306122448979591733e+00 -1.000000000000000000e+02
1.311927437641723371e+00 1.017479692102686357e+02
1.317732426303854787e+00 1.008701983790399055e+02
1.323537414965986425e+00 -1.000000000000000000e+02
1.329342403628117841e+00 1.011619440301922452e+02
1.335147392290249480e+00 1.023373891996775029e+02
1.340952380952380896e+00 1.020422536273482166e+02
1.346757369614512534e+00 1.014545334937523791e+02
1.352562358276643950e+00 1.050323198907720155e+02
1.358367346938775588e+00 -1.000000000000000000e+02
1.364172335600907005e+00 1.011619440301922452e+02
1.369977324263038643e+00 1.068682525032935899e+02
1.375782312925170059e+00 1.074873339920696509e+02
1.381587301587301697e+00 1.096824979694625881e+02
1.387392290249433113e+00 1.096824979694625881e+02
1.393197278911564529e+00 1.115997142630223351e+02
1.399002267573696168e+00 1.168777248561245585e+02
1.404807256235827584e+00 1.115997142630223351e+02
1.410612244897959222e+00 1.090507732665257663e+02
1.416417233560090638e+00 1.032279275016448423e+02
1.422222222222222276e+00 -1.000000000000000000e+02
1.428027210884353693e+00 1.002892287869367181e+02
1.433832199546485331e+00 -1.000000000000000000e+02
1.439637188208616747e+00 1.023373891996775029e+02
1.445442176870748385e+00 1.029302236643492137e+02
1.451247165532879801e+00 1.017479692102686357e+02
1.457052154195011440e+00 1.014545334937523791e+02
1.462857142857142856e+00 1.059463094359295354e+02
1.468662131519274272e+00 1.017479692102686357e+02
1.474467120181405910e+00 1.008701983790399055e+02
1.480272108843537326e+00 1.023373891996775029e+02
1.486077097505668965e+00 1.035264923841377538e+02
1.491882086167800381e+00 -1.000000000000000000e+02
1.497687074829932019e+00 1.002892287869367181e+02
1.503492063492063435e+00 1.032279275016448423e+02
1.509297052154195073e+00 -1.000000000000000000e+02
1.515102040816326490e+00 1.056407659301192012e+02
1.520907029478458128e+00 1.035264923841377538e+02
1.526712018140589544e+00 1.077982183042855127e+02
1.532517006802721182e+00 1.035264923841377538e+02
1.538321995464852598e+00 1.005792941067853405e+02
1.544126984126984237e+00 1.005792941067853405e+02
1.549931972789115653e+00 1.005792941067853405e+02
1.555736961451247069e+00 1.008701983790399055e+02
1.561541950113378707e+00 -1.000000000000000000e+02
1.567346938775510123e+00 1.005792941067853405e+02
1.573151927437641762e+00 1.014545334937523791e+02
1.578956916099773178e+00 1.020422536273482166e+02
1.584761904761904816e+00 1.014545334937523791e+02
1.590566893424036232e+00 1.020422536273482166e+02
1.596371882086167870e+00 1.029302236643492137e+02
1.602176870748299287e+00 -1.000000000000000000e+02
1.607981859410430925e+00 1.008701983790399055e+02
1.613786848072562341e+00 1.020422536273482166e+02
1.619591836734693979e+00 1.032279275016448423e+02
1.625396825396825395e+00 1.017479692102686357e+02
1.631201814058956812e+00 1.032279275016448423e+02
1.637006802721088450e+00 1.008701983790399055e+02
1.642811791383219866e+00 1.026333783890424058e+02
1.648616780045351504e+00 1.059463094359295354e+02
1.654421768707482920e+00 1.002892287869367181e+02
1.660226757369614559e+00 1.005792941067853405e+02
1.666031746031745975e+00 1.023373891996775029e+02
1.671836734693877613e+00 1.014545334937523791e+02
1.677641723356009029e+00 1.011619440301922452e+02
1.683446712018140667e+00 1.038259208022185049e+02
1.689251700680272084e+00 1.047294122820626683e+02
1.695056689342403722e+00 1.008701983790399055e+02
1.700861678004535138e+00 1.002892287869367181e+02
1.706666666666666776e+00 1.059463094359295354e+02
1.712471655328798192e+00 1.011619440301922452e+02
1.718276643990929609e+00 1.011619440301922452e+02
1.724081632653061247e+00 1.002892287869367181e+02
1.729886621315192663e+00 1.014545334937523791e+02
1.735691609977324301e+00 1.065600501628484125e+02
1.741496598639455717e+00 1.008701983790399055e+02
1.747301587301587356e+00 1.011619440301922452e+02
1.753106575963718772e+00 1.017479692102686357e+02
1.758911564625850410e+00 1.023373891996775029e+02
1.764716553287981826e+00 1.011619440301922452e+02
1.770521541950113464e+00 1.029302236643492137e+02
1.776326530612244881e+00 1.020422536273482166e+02
1.782131519274376519e+00 1.059463094359295354e+02
1.787936507936507935e+00 1.029302236643492137e+02
1.793741496598639351e+00 1.008701983790399055e+02
1.799546485260770989e+00 1.050323198907720155e+02
1.805351473922902406e+00 1.011619440301922452e+02
1.811156462585034044e+00 1.050323198907720155e+02
1.816961451247165460e+00 1.044273782427413693e+02
1.822766439909297098e+00 -1.000000000000000000e+02
1.828571428571428514e+00 1.038259208022185049e+02
1.834376417233560153e+00 1.029302236643492137e+02
1.840181405895691569e+00 1.008701983790399055e+02
1.845986394557823207e+00 1.014545334937523791e+02
1.851791383219954623e+00 1.020422536273482166e+02
1.857596371882086261e+00 1.059463094359295354e+02
1.863401360544217678e+00 1.041262152534806518e+02
1.869206349206349316e+00 1.029302236643492137e+02
1.875011337868480732e+00 1.020422536273482166e+02
1.880816326530612148e+00 1.002892287869367181e+02
1.886621315192743786e+00 1.020422536273482166e+02
1.892426303854875203e+00 1.014545334937523791e+02
1.898231292517006841e+00 1.017479692102686357e+02
1.904036281179138257e+00 1.005792941067853405e+02
1.909841269841269895e+00 1.050323198907720155e+02
1.915646258503401311e+00 1.050323198907720155e+02
1.921451247165532950e+00 1.002892287869367181e+02
1.927256235827664366e+00 1.008701983790399055e+02
1.933061224489796004e+00 1.035264923841377538e+02
1.938866213151927420e+00 1.017479692102686357e+02
1.944671201814059058e+00 1.008701983790399055e+02
1.950476190476190474e+00 1.014545334937523791e+02
